11111111111111111111111111111111111111111111111111111111111111111111111111111111111111111111111111111111111111111111111111111111111111111111111111111111111111111111111111111111111111111111111111111111111111111111111111111111111111111111111111111111111111111111111111
11111111111111111111111111111111111111111111111111111111111111111111111111111111111111111111111111111111111111111111111111111111111111111111111111111111111111111111111111111111111111111111111111111111111111111111111111111111111111111111111111111111111111111111111111
11111111111111111111111111111111111111111111111111111111111111111111111111111111111111111111111111111111111111111111111111111111111111111111111111111111111111111111111111111111111111111111111111111111111111111111111111111111111111111111111111111111111111111111111111
11111000001111111111111111111111111111111111111111111111111111111111110000111111111100001111111111111111111111111111111111111111111111111111111111111111111111111111111111111111111111111111111111111111111111111111111111111110000111111111111111111111111111110000111111
11111000001111111111111111111111111111111111111111111111111111111111100000111111111100001111111111111111111111111111111111111111111111111111111111111111111111111111111111111111111111111111111111111111111111111111111111111110000011111111111111111111111111110000111111
11111000001111111111111111111111111111111111111111111111111111111111100000111111111100001111111111111111111111111111111111111111111111111111111111111111111111111111111111111111111111111111111111111111111111111111111111111110000011111111111111111111111111110000111111
11111000001111111111111111111111111111111111111111111111111111111111100000111111111100001111111111111111111111111111111111111111111111111111111111111111111111111111111111111111111111111111111111111111111111111111111111111110000011111111111111111111111111110000111111
11111000001111111111111111111111111111111111111111111111111111111111100000111111111100001111111111111111111111111111111111111111111111111111111111111111111111111111111111111111111111111111111111111111111111111111111111111110000011111111111111111111111111110000111111
11111000001111111101111111111111111111111111111110111111111111111111100000111111111100001111111111111111111101111111111111111111111111111111111111111111111111111111111111111111111110111111111111111111111111111111111111111110000011111111111111111111111111110000111111
11111000001100000000000001111111111111111000000000000000011111111111100000111111111100001111111111111000000000000000111111111110000111111111110000001111111111100001111111111100000000000000011111111111110000011000000000111110000011111111111100000000000001110000111111
11111000000000011111000000011111111111100000000111110000000111111111100000111111111100001111111111100000001111100000001111111110000011111111110000000111111111000001111111110000000111110000000111111111110000000000011100111110000011111111110000000111110000000000111111
11111000000011111111111000001111111111000001111111111110000011111111100000111111111100001111111110000001111111111100000111111111000011111111100000000111111111000011111111100000111111111110000001111111110000000111111111111110000011111111100000111111111110000000111111
11111000000111111111111100001111111110000011111111111111000001111111100000111111111100001111111110000011111111111110000011111111000001111111100011000011111110000011111111000001111111111111000001111111110000001111111111111110000011111111000001111111111111000000111111
11111000001111111111111100000111111100000111111111111111100001111111100000111111111100001111111100000111111111111111000001111111100001111111000011000011111110000111111110000011111111111111100000111111110000011111111111111110000011111111000011111111111111100000111111
11111000001111111111111100000111111100000111110000000000000000111111100000111111111100001111111100000111111111111111000001111111100000111110000111100001111100000111111110000011111111111111100000111111110000011111111111111110000011111110000011111111111111100000111111
11111000001111111111111100000111111100000000000000000000000000111111100000111111111100001111111100000111111111111111000001111111110000111110000111100001111100001111111110000011111111111111110000111111110000011111111111111110000011111110000011111111111111110000111111
11111000001111111111111100000111111100000111111111111111111111111111100000111111111100001111111100000111111111111111000001111111110000011100001111110000111000001111111110000011111111111111110000111111110000011111111111111110000011111110000011111111111111100000111111
11111000001111111111111100000111111100000111111111111111111111111111100000111111111100001111111100000111111111111111000001111111111000011100001111110000111000011111111110000011111111111111100000111111110000011111111111111110000011111110000011111111111111100000111111
11111000001111111111111100000111111100000011111111111111111111111111100000111111111100001111111100000111111111111110000001111111111000001000011111111000010000011111111110000001111111111111100000111111110000011111111111111110000011111111000001111111111111100000111111
11111000001111111111111100000111111110000001111111111111111111111111100000111111111100001111111110000011111111111100000011111111111100000000011111111000000000111111111111000000111111111111000001111111110000011111111111111110000011111111100000111111111111000000111111
11111000001111111111111100000111111111100000011111111111100001111111100000111111111100001111111111000000111111110000000111111111111100000000111111111100000000111111111111100000001111111100000011111111110000011111111111111110000011111111110000001111111100000000111111
11111000001111111111111100000111111111111000000000000000000001111111100000111111111100001111111111110000000000000000011111111111111110000000111111111100000001111111111111111000000000000000001111111111110000011111111111111110000011111111111000000000000000110000111111
11111000001111111111111100001111111111111111000000000000001111111111110000111111111100001111111111111110000000000011111111111111111111000001111111111110000011111111111111111111000000000001111111111111110000111111111111111110000111111111111111000000000011110000111111
11111111111111111111111111111111111111111111111111111111111111111111111111111111111111111111111111111111111111111111111111111111111111111111111111111111111111111111111111111111111111111111111111111111111111111111111111111111111111111111111111111111111111111111111111
11111111111111111111111111111111111111111111111111111111111111111111111111111111111111111111111111111111111111111111111111111111111111111111111111111111111111111111111111111111111111111111111111111111111111111111111111111111111111111111111111111111111111111111111111
11111111111111111111111111111111111111111111111111111111111111111111111111111111111111111111111111111111111111111111111111111111111111111111111111111111111111111111111111111111111111111111111111111111111111111111111111111111111111111111111111111111111111111111111111
